
==================== Board: [3x3]9x9.txt ====================
Moves: 0
+-------+-------+-------+
|   1   |       |     9 |
|       | 3     | 8     |
|       |       | 6     |
+-------+-------+-------+
|       |   1 2 | 4     |
| 7   3 |       |       |
| 5     |       |       |
+-------+-------+-------+
| 8     | 6     |       |
|       |   4   |   2   |
|       | 7     |   5   |
+-------+-------+-------+

Solution found in 13543515 moves.
Moves: 13543515
+-------+-------+-------+
| 3 1 8 | 4 5 6 | 2 7 9 |
| 2 6 7 | 3 9 1 | 8 4 5 |
| 4 5 9 | 2 8 7 | 6 1 3 |
+-------+-------+-------+
| 9 8 6 | 5 1 2 | 4 3 7 |
| 7 2 3 | 9 6 4 | 5 8 1 |
| 5 4 1 | 8 7 3 | 9 6 2 |
+-------+-------+-------+
| 8 7 2 | 6 3 5 | 1 9 4 |
| 6 3 5 | 1 4 9 | 7 2 8 |
| 1 9 4 | 7 2 8 | 3 5 6 |
+-------+-------+-------+
  Basesize: 3
     Moves: 13543515
    Placed: 64
Backtracks: 1504799
  Filename: 9x9.txt

